0.108897924423 0.00309681892395
0.208571910858 0.00310301780701
0.307760953903 0.00312399864197
0.407011985779 0.00310206413269
0.506936073303 0.00310301780701
0.606117963791 0.00309777259827
0.705338001251 0.00312399864197
0.804676055908 0.00310111045837
0.903852939606 0.00309896469116
1.00337791443 0.00310182571411
1.10281896591 0.00310111045837
1.2036049366 0.00310206413269
1.30275297165 0.00309896469116
1.4065580368 0.00309705734253
1.51679205894 0.00312089920044
1.61607694626 0.00309801101685
1.71526288986 0.00312685966492
1.81448888779 0.00310015678406
1.91373491287 0.00310182571411
2.01311206818 0.00310206413269
2.11279988289 0.00311779975891
2.21221995354 0.00310087203979
2.31358504295 0.00309896469116
2.4171359539 0.00309896469116
2.51969099045 0.00310087203979
2.6216070652 0.00312304496765
2.72893095016 0.00310301780701
2.82827305794 0.00310111045837
2.92461705208 0.00309991836548
3.02385592461 0.00309705734253
3.11990904808 0.00310182571411
3.21910500526 0.00309801101685
