0.108688116074 0.0019850730896
0.207983016968 0.00199103355408
0.307111024857 0.00199007987976
0.406877994537 0.0019838809967
0.506298065186 0.00198316574097
0.605679035187 0.00198602676392
0.704917907715 0.00198698043823
0.804126024246 0.00198602676392
0.903378009796 0.0019838809967
1.00367999077 0.00198698043823
1.10809803009 0.00198602676392
1.20773792267 0.00198698043823
1.3107790947 0.00198602676392
1.41505002975 0.00199103355408
1.51498007774 0.00198793411255
1.61673212051 0.00198602676392
1.81771993637 0.00198793411255
1.94343400002 0.00198793411255
2.07897090912 0.00198817253113
2.21510601044 0.00198411941528
2.346118927 0.00198793411255
2.44437193871 0.00199007987976
2.54361009598 0.00198602676392
2.6428539753 0.0019838809967
2.74385094643 0.00198602676392
2.84883999825 0.00198411941528
2.96204805374 0.00199198722839
