0.108865976334 0.00143003463745
0.211102962494 0.00143098831177
0.311996936798 0.00142693519592
0.411114931107 0.00142788887024
0.511992931366 0.00142788887024
0.611512899399 0.00143194198608
0.710722923279 0.00142979621887
0.809364080429 0.00142812728882
0.908665895462 0.00143098831177
1.00819396973 0.00142884254456
1.10845208168 0.00143003463745
1.20760297775 0.00142812728882
1.30687999725 0.00143003463745
1.40609002113 0.00143384933472
1.50568199158 0.00143098831177
1.60492897034 0.00143098831177
1.70408010483 0.0014340877533
1.80319905281 0.00143384933472
1.902602911 0.00143098831177
2.001983881 0.00143098831177
2.10165810585 0.00143098831177
2.20172691345 0.00143194198608
2.30084109306 0.00143194198608
2.40279889107 0.00142812728882
2.50502800941 0.0014328956604
2.60814499855 0.00143003463745
2.70950198174 0.00143194198608
2.81011891365 0.00142788887024
2.90925598145 0.00143194198608
3.0084939003 0.00143098831177
3.10792088509 0.00143194198608
3.20936393738 0.00143098831177
