0.107981920242 0.000887870788574
0.207262039185 0.000887870788574
0.307152032852 0.000885963439941
0.406890869141 0.000885009765625
0.506453037262 0.000890970230103
0.605984926224 0.00088906288147
0.705268859863 0.000864028930664
0.80527806282 0.000887155532837
0.919544935226 0.000890016555786
1.02847695351 0.000891923904419
1.1396009922 0.000886917114258
1.23888206482 0.00086498260498
1.33751606941 0.000863790512085
1.43671298027 0.00086498260498
1.53603291512 0.000868082046509
1.63532686234 0.000861883163452
1.73549890518 0.00086522102356
1.83537888527 0.00086522102356
1.93473100662 0.000886917114258
2.03418397903 0.000890970230103
2.13373184204 0.000863075256348
2.23369503021 0.000888109207153
2.33800005913 0.000862121582031
2.43743801117 0.000866174697876
2.53670287132 0.000863790512085
2.63597798347 0.00086498260498
2.73547506332 0.000859975814819
2.83461093903 0.000890970230103
2.93509984016 0.000888109207153
3.03660392761 0.000864028930664
3.13933491707 0.000885009765625
3.24135804176 0.000862121582031
3.34363293648 0.000885009765625
3.44669485092 0.000885009765625
3.54844093323 0.000888824462891
3.64750504494 0.000864028930664
3.74693799019 0.000859975814819
3.84647083282 0.000886917114258
3.94603800774 0.000866174697876
4.04539489746 0.000886917114258
4.14468097687 0.000887870788574
4.244150877 0.000884056091309
4.35183787346 0.000887870788574
4.45469784737 0.000864028930664
4.55389785767 0.000865936279297
4.65354394913 0.00088906288147
4.75331997871 0.000861883163452
4.85338997841 0.00088906288147
4.9528169632 0.000863075256348
5.05285000801 0.000859022140503
5.15211486816 0.000885963439941
