0.10023284 0.002526045 0.433216691
0.195760012 0.003133059 0.537319541
0.2903409 0.002409935 0.413303852
0.384555817 0.001820087 0.312144995
0.480321884 0.003136873 0.537973762
0.575630903 0.002518177 0.431867361
0.671451807 0.003610134 0.619138002
0.766383886 0.002588034 0.443847775
0.862346888 0.003207922 0.55015862
0.956939936 0.002236843 0.383618593
1.052310944 0.002768993 0.474882364
1.145507813 0.002903223 0.497902751
1.240559816 0.00247407 0.424302936
1.336011887 0.00293088 0.50264585
1.431514978 0.002835035 0.486208558
1.52666688 0.002645969 0.453783751
1.621547937 0.002537012 0.435097575
1.716320992 0.002377033 0.4076612
1.815897942 0.002207994 0.37867105
1.910710812 0.002076149 0.356059551
2.005278826 0.001919031 0.329113841
2.104596853 0.001754999 0.300982356
2.198599815 0.00160408 0.275099754
2.293109894 0.001449108 0.248522043
2.385886908 0.001327991 0.22775054
2.481254816 0.001168966 0.200477719
2.57462883 0.0010221 0.175290227
2.6647439 0.000882864 0.151411176
2.757644892 0.000730991 0.125365019
2.850693941 0.000617981 0.105983734
2.940302849 0.000455141 0.078056693
3.042969942 0.000294924 0.050579429
3.134725809 0.000164032 0.028131485
3.227406979 0.000266075 0.045631886
3.32225585 0.000358105 0.061414957
