0.10023284 0.000971079 0.166540027
0.195760012 0.00100112 0.171692014
0.2903409 0.00099206 0.17013824
0.384555817 0.001000166 0.171528459
0.480321884 0.0010221 0.175290227
0.575630903 0.001084089 0.185921311
0.671451807 0.001123905 0.192749739
0.766383886 0.001251936 0.214707017
0.862346888 0.001430988 0.245414495
0.956939936 0.001552105 0.266185999
1.052310944 0.001504898 0.258090019
1.145507813 0.001474142 0.252815366
1.240559816 0.001422882 0.244024277
1.336011887 0.001423836 0.244187832
1.431514978 0.001398087 0.239771843
1.52666688 0.001371145 0.23515141
1.621547937 0.001352072 0.231880307
1.716320992 0.001331091 0.228282094
1.815897942 0.001314163 0.22537899
1.910710812 0.001296043 0.222271442
2.005278826 0.001277924 0.219163895
2.104596853 0.001265049 0.2169559
2.198599815 0.001251936 0.214707017
2.293109894 0.001241922 0.212989688
2.385886908 0.001262188 0.216465235
2.481254816 0.001250982 0.214543462
2.57462883 0.00122714 0.210454583
2.6647439 0.001247883 0.214011908
2.757644892 0.001241922 0.212989688
2.850693941 0.001219034 0.209064364
2.940302849 0.001241922 0.212989688
3.042969942 0.001228094 0.210618138
3.134725809 0.001251936 0.214707017
3.227406979 0.001236916 0.212131023
3.32225585 0.001249075 0.214216352
